################################################
# ITK-SnAP Label Description File
# File format: 
# IDX   -R-  -G-  -B-  -A--  VIS MSH  LABEL
# Fields: 
#    IDX:   Zero-based index
#    -R-:   Red color component (0..255)
#    -G-:   Green color component (0..255)
#    -B-:   Blue color component (0..255)
#    -A-:   Label transparency (0.00 .. 1.00)
#    VIS:   Label visibility (0 or 1)
#    MSH:   Label mesh visibility (0 or 1)
#    LABEL: Label description
################################################
0     0    0    0        0  0  0    "Clear Label"
1     106   203   186      1  1  0    "Carea_1"
2     86    183   206      1  1  0    "Carea_2"
3     124   203   217      1  1  0    "Carea_3"
4     50    204   57       1  1  0    "Carea_4"
5     255   155   205      1  1  0    "Carea_5"
6     122   148   41       1  1  0    "Carea_6"
7     51    137   110      1  1  0    "Carea_7"
8     14    119   98       1  1  0    "Carea_8"
9     236   231   64       1  1  0    "Carea_9"
10    86    223   206      1  1  0    "Carea_10"
11    130   219   174      1  1  0    "Carea_11"
12    235   148   112      1  1  0    "Carea_12"
13    190   150   170      1  1  0    "Carea_13"
14    108   225   248      1  1  0    "Carea_14"
15    108   172   206      1  1  0    "Carea_15"
16    106   203   206      1  1  0    "Carea_16"
17    194   195   195      1  1  0    "Carea_17"
18    126   183   186      1  1  0    "Carea_18"
19    82    148   81       1  1  0    "Carea_19"
20    122   128   41       1  1  0    "Carea_20"
21    236   231   104      1  1  0    "Carea_21"
22    11    137   70       1  1  0    "Carea_22"
23    14    119   97       1  1  0    "Carea_23"
24    235   164   255      1  1  0    "Carea_24"
25    86    203   206      1  1  0    "Carea_25"
26    51    177   70       1  1  0    "Carea_26"
27    148   205   248      1  1  0    "Carea_27"
28    216   231   104      1  1  0    "Carea_28"
29    146   208   75       1  1  0    "Carea_29"
30    6     166   152      1  1  0    "Carea_30"
31    236   211   104      1  1  0    "Carea_31"
32    224   184   184      1  1  0    "Carea_32"
33    71    157   130      1  1  0    "Carea_33"
34    214   175   175      1  1  0    "Carea_34"
35    102   168   41       1  1  0    "Carea_35"
36    235   166   114      1  1  0    "Carea_36"
37    110   239   174      1  1  0    "Carea_37"
38    235   135   225      1  1  0    "Carea_38"
39    146   188   75       1  1  0    "Carea_39"
40    62    128   61       1  1  0    "Carea_40"
41    126   203   186      1  1  0    "Carea_41"
42    28    113   140      1  1  0    "Carea_42"
43    84    191   148      1  1  0    "Carea_43"
44    134   230   209      1  1  0    "Carea_44"
45    132   194   229      1  1  0    "Carea_45"
46    126   183   166      1  1  0    "Carea_46"
47    235   144   235      1  1  0    "Carea_47"
48    150   199   194      1  1  0    "Carea_48"
49    255   251   104      1  1  0    "Carea_49"
50    130   199   174      1  1  0    "Carea_50"
51    146   188   95       1  1  0    "Carea_51"
52    245   135   150      1  1  0    "Carea_52"
53    235   255   125      1  1  0    "Carea_53"
54    106   228   95       1  1  0    "Carea_54"
55    0     117   90       1  1  0    "Carea_55"
